Date,SRP ($),Volume (Units),Sales ($)
2016-01-10T00:00:00Z,4.99,224352,1118905
2016-01-17T00:00:00Z,4.99,217667,1085529
2016-01-24T00:00:00Z,4.99,214707,1071958
2016-01-31T00:00:00Z,4.99,211004,1053789
2016-02-07T00:00:00Z,4.99,324113,1471057
2016-02-14T00:00:00Z,4.99,228648,1121174
2016-02-21T00:00:00Z,4.99,216730,1081029
2016-02-28T00:00:00Z,4.99,196218,978945
2016-03-06T00:00:00Z,4.99,259815,1293274
2016-03-13T00:00:00Z,4.99,219616,1093832
2016-03-20T00:00:00Z,4.99,201145,1003141
2016-03-27T00:00:00Z,4.99,200715,1002016
2016-04-03T00:00:00Z,4.99,227740,1136510
2016-04-10T00:00:00Z,4.99,207873,1036561
2016-04-17T00:00:00Z,4.99,180082,898560
2016-04-24T00:00:00Z,4.99,166648,831938
2016-05-01T00:00:00Z,4.99,163546,814563
2016-05-08T00:00:00Z,4.99,162914,809871
2016-05-15T00:00:00Z,4.99,167683,836922
2016-05-22T00:00:00Z,4.99,169852,848128
2016-05-29T00:00:00Z,4.99,172493,861287
2016-06-05T00:00:00Z,4.99,261332,1194383
2016-06-12T00:00:00Z,4.99,193369,929683
2016-06-19T00:00:00Z,4.99,170509,850791
2016-06-26T00:00:00Z,4.99,164966,823384
2016-07-03T00:00:00Z,4.99,208590,1039449
2016-07-10T00:00:00Z,4.99,182416,909591
2016-07-17T00:00:00Z,4.99,165296,824454
2016-07-24T00:00:00Z,4.99,160884,802606
2016-07-31T00:00:00Z,4.99,158940,792687
2016-08-07T00:00:00Z,4.99,225135,1070416
2016-08-14T00:00:00Z,4.99,154033,760663
2016-08-21T00:00:00Z,4.99,149896,747146
2016-08-28T00:00:00Z,4.99,153483,765425
2016-09-04T00:00:00Z,4.98,222712,1019274
2016-09-11T00:00:00Z,4.98,172381,830019
2016-09-18T00:00:00Z,4.98,154096,768097
2016-09-25T00:00:00Z,4.98,164171,817103
2016-10-02T00:00:00Z,4.96,224770,1030988
2016-10-09T00:00:00Z,4.96,246929,1071726
2016-10-16T00:00:00Z,4.96,164222,813736
2016-10-23T00:00:00Z,4.96,160851,798265
2016-10-30T00:00:00Z,4.96,208297,911986
2016-11-06T00:00:00Z,4.96,232949,1028527
2016-11-13T00:00:00Z,4.96,169672,813172
2016-11-20T00:00:00Z,4.96,158575,787302
2016-11-27T00:00:00Z,4.96,181187,849366
2016-12-04T00:00:00Z,4.96,186434,908542
2016-12-11T00:00:00Z,4.96,190441,870729
2016-12-18T00:00:00Z,4.96,157440,757394
2016-12-25T00:00:00Z,4.99,159857,797464
2017-01-01T00:00:00Z,4.99,196449,922711
2017-01-08T00:00:00Z,4.99,214079,963643
2017-01-15T00:00:00Z,4.99,148129,738244
2017-01-22T00:00:00Z,4.99,148249,739676
2017-01-29T00:00:00Z,4.99,154026,768766
2017-02-05T00:00:00Z,4.99,263032,1201910
2017-02-12T00:00:00Z,4.99,187071,898256
2017-02-19T00:00:00Z,4.99,163835,815330
2017-02-26T00:00:00Z,4.99,165174,820663
2017-03-05T00:00:00Z,4.99,230128,1039836
2017-03-12T00:00:00Z,4.99,168881,804685
2017-03-19T00:00:00Z,5,141253,705691
2017-03-26T00:00:00Z,5,143483,717057
2017-04-02T00:00:00Z,5,182267,883205
2017-04-09T00:00:00Z,5,202731,959094
2017-04-16T00:00:00Z,5,153082,764084
2017-04-23T00:00:00Z,5,160052,799827
2017-04-30T00:00:00Z,4.99,172590,839754
2017-05-07T00:00:00Z,4.99,214921,1016375
2017-05-14T00:00:00Z,4.99,158706,792100
2017-05-21T00:00:00Z,4.99,155855,777166
2017-05-28T00:00:00Z,4.99,155447,775928
2017-06-04T00:00:00Z,4.99,203167,980533
2017-06-11T00:00:00Z,4.99,179997,868507
2017-06-18T00:00:00Z,4.99,148825,742414
2017-06-25T00:00:00Z,4.98,155595,775430
2017-07-02T00:00:00Z,4.98,200982,966258
2017-07-09T00:00:00Z,4.98,214661,1014167
2017-07-16T00:00:00Z,4.98,191923,908877
2017-07-23T00:00:00Z,4.98,177436,840193
2017-07-30T00:00:00Z,4.98,161091,780442
2017-08-06T00:00:00Z,4.98,204649,978276
2017-08-13T00:00:00Z,4.98,162203,795057
2017-08-20T00:00:00Z,4.98,150188,748653
2017-08-27T00:00:00Z,4.98,155796,776589
2017-09-03T00:00:00Z,4.98,192981,952054
2017-09-10T00:00:00Z,4.98,179514,891255
2017-09-17T00:00:00Z,4.98,149360,744118
2017-09-24T00:00:00Z,4.98,153051,762108
2017-10-01T00:00:00Z,4.98,179517,890943
2017-10-08T00:00:00Z,4.98,199216,988307
2017-10-15T00:00:00Z,4.98,156280,778404
2017-10-22T00:00:00Z,4.98,151394,753910
2017-10-29T00:00:00Z,4.98,143705,716277
2017-11-05T00:00:00Z,4.98,192236,955092
2017-11-12T00:00:00Z,4.98,158380,787906
2017-11-19T00:00:00Z,4.98,149655,745562
2017-11-26T00:00:00Z,4.98,149948,745778
2017-12-03T00:00:00Z,4.98,170527,848312
2017-12-10T00:00:00Z,4.98,180382,891231
2017-12-17T00:00:00Z,4.98,158308,786910
2017-12-24T00:00:00Z,4.98,185240,916947
2017-12-31T00:00:00Z,4.98,187796,928564
2018-01-07T00:00:00Z,4.98,189160,930994
2018-01-14T00:00:00Z,4.98,162077,807177
2018-01-21T00:00:00Z,4.98,165487,816205
2018-01-28T00:00:00Z,4.98,161779,801509
2018-02-04T00:00:00Z,4.98,209436,974812
2018-02-11T00:00:00Z,4.98,180512,844415
2018-02-18T00:00:00Z,4.99,153636,766201
2018-02-25T00:00:00Z,4.98,161921,803829
2018-03-04T00:00:00Z,4.98,227565,1025682
2018-03-11T00:00:00Z,4.98,171853,833781
2018-03-18T00:00:00Z,4.98,161732,803717
2018-03-25T00:00:00Z,4.98,155464,773900
2018-04-01T00:00:00Z,4.98,200781,923226
2018-04-08T00:00:00Z,4.98,213310,949297
2018-04-15T00:00:00Z,4.98,162392,728891
2018-04-22T00:00:00Z,4.98,159623,716978
2018-04-29T00:00:00Z,4.98,157951,709406
2018-05-06T00:00:00Z,4.98,196788,929187
2018-05-13T00:00:00Z,4.98,159103,779240
2018-05-20T00:00:00Z,4.99,150302,749749
2018-05-27T00:00:00Z,4.99,151791,757053
2018-06-03T00:00:00Z,4.99,179479,888802
2018-06-10T00:00:00Z,4.99,165296,814348
2018-06-17T00:00:00Z,4.99,141191,704312
2018-06-24T00:00:00Z,4.99,151109,753775
2018-07-01T00:00:00Z,4.99,182247,852339
2018-07-08T00:00:00Z,4.99,190518,844145
2018-07-15T00:00:00Z,4.99,145687,725975
2018-07-22T00:00:00Z,5,145333,726056
2018-07-29T00:00:00Z,4.99,149192,744610
2018-08-05T00:00:00Z,4.99,202123,958720
2018-08-12T00:00:00Z,4.99,156618,766578
2018-08-19T00:00:00Z,4.99,142247,707238
2018-08-26T00:00:00Z,4.99,146638,729266
2018-09-02T00:00:00Z,4.99,183516,851077
2018-09-09T00:00:00Z,4.99,173866,776202
2018-09-16T00:00:00Z,4.99,143185,714330
2018-09-23T00:00:00Z,4.99,135734,676559
2018-09-30T00:00:00Z,4.99,149355,730932
2018-10-07T00:00:00Z,4.99,192898,907094
2018-10-14T00:00:00Z,4.99,153168,746559
2018-10-21T00:00:00Z,4.99,144711,720463
2018-10-28T00:00:00Z,4.99,136106,677318
2018-11-04T00:00:00Z,4.99,191410,886264
2018-11-11T00:00:00Z,4.99,170477,797711
2018-11-18T00:00:00Z,4.99,146169,728705
2018-11-25T00:00:00Z,4.98,145608,725231
2018-12-02T00:00:00Z,4.98,198934,902643
2018-12-09T00:00:00Z,4.98,171031,818449
2018-12-16T00:00:00Z,4.98,144658,719250
2018-12-23T00:00:00Z,4.98,199013,873397
2018-12-30T00:00:00Z,4.98,175936,823016
2019-01-06T00:00:00Z,4.98,224147,1005818
2019-01-13T00:00:00Z,4.98,168548,818463
2019-01-20T00:00:00Z,4.98,154407,768654
2019-01-27T00:00:00Z,4.98,145973,727505
2019-02-03T00:00:00Z,4.98,203469,907862
2019-02-10T00:00:00Z,4.98,159790,793129
2019-02-17T00:00:00Z,4.99,156064,778259
2019-02-24T00:00:00Z,4.99,158194,781810
2019-03-03T00:00:00Z,4.99,219576,972172
2019-03-10T00:00:00Z,4.99,171244,844672
2019-03-17T00:00:00Z,4.99,152810,762591
2019-03-24T00:00:00Z,4.99,148324,739998
2019-03-31T00:00:00Z,4.99,142816,709720
2019-04-07T00:00:00Z,4.99,189296,888338
2019-04-14T00:00:00Z,4.99,144988,720848
2019-04-21T00:00:00Z,4.99,145767,723167
2019-04-28T00:00:00Z,4.99,142859,711546
2019-05-05T00:00:00Z,4.99,181810,853684
2019-05-12T00:00:00Z,4.99,153040,763402
2019-05-19T00:00:00Z,4.98,149512,742996
2019-05-26T00:00:00Z,4.98,146486,725392
2019-06-02T00:00:00Z,4.98,177338,831478
2019-06-09T00:00:00Z,4.98,197418,880572
2019-06-16T00:00:00Z,4.98,150745,750183
2019-06-23T00:00:00Z,4.98,153541,763263
2019-06-30T00:00:00Z,4.98,153101,762846
2019-07-07T00:00:00Z,4.98,188430,886049
2019-07-14T00:00:00Z,4.98,161592,801099
2019-07-21T00:00:00Z,4.98,157698,783490
2019-07-28T00:00:00Z,5,160824,803375
2019-08-04T00:00:00Z,4.99,201064,940507
2019-08-11T00:00:00Z,4.99,164640,821482
2019-08-18T00:00:00Z,4.99,168806,836247
2019-08-25T00:00:00Z,4.99,161005,803751
2019-09-01T00:00:00Z,4.99,181129,896713
2019-09-08T00:00:00Z,4.99,179323,844144
2019-09-15T00:00:00Z,4.99,156206,777115
2019-09-22T00:00:00Z,4.99,153833,764235
2019-09-29T00:00:00Z,4.99,149258,743213
2019-10-06T00:00:00Z,4.99,166761,825071
2019-10-13T00:00:00Z,5,142914,713915
2019-10-20T00:00:00Z,4.99,148982,739872
2019-10-27T00:00:00Z,4.99,149030,740630
2019-11-03T00:00:00Z,4.99,192786,953887
2019-11-10T00:00:00Z,4.99,170139,844741
2019-11-17T00:00:00Z,4.99,162405,804909
2019-11-24T00:00:00Z,4.99,160849,803263
2019-12-01T00:00:00Z,4.99,173517,861374
2019-12-08T00:00:00Z,4.99,192288,951748
2019-12-15T00:00:00Z,4.99,169332,841101
2019-12-22T00:00:00Z,4.99,179555,891741
2019-12-29T00:00:00Z,4.99,201387,947598
